00000111000000000000000010010011
00000111000100000000000100010011
00001111000000000000000110010011
00001111000100000000001000010011
00000000000100000000000000100011
00000001100000001001000010010011
00000000001000000000000010100011
00000000001100000000000100100011
00000000010000000000000110100011
00000000010000001000001010110011
00000000000000000000001100000011
00000000000100000000001110000011
00000000001000000000010000000011
00000000001100000000010010000011
00000000010100000010001000100011
00000000010100000001010000100011
00000000000000000100010110000011
00000000000100000100011000000011
00000000001000000100011010000011
00000000001100000100011100000011
00000000000000000001100000000011
00000000000100000001100010000011
00000000001000000001100100000011
00000000001100000001100110000011
00000000100000000001101000000011
00000000000000000101101010000011
00000000000100000101101100000011
00000000001000000101101110000011
00000000001100000101110000000011
00000000010000000010110010000011