// U-Type 
11111111111111111111000010110111
00001111111100000000000100010011
00000000010000010001000110010011
00000000111100011000000110010011
00000000000100011000001000110011
00000000111111111111001010010111

// 跳转 
00000000000100000000000010010011
00000000001000000000000100010011
00000000100000000000111111101111
00000000001100000000000110010011
00000000010000000000001000010011
00000000001000010000001010110011
00000000010100100000010001100011
00000000011000000000001100010011
00000000010100100001010001100011
00000000011100000000001110010011
00000000011000111001010001100011
00000000100000000000010000010011
00000011000000000000010010010011
00000000110001001000010101100111
00000000101100000000010110010011
11111111010000000000011000010011
11111111001100000000011010010011
00000000110001101100010001100011
11111111001000000000011100010011
00000000110001101110010001100011
11111111000100000000011110010011
00000000110101100110010001100011
11111111000000000000100000010011
00000000110101100101010001100011
11111110111100000000100010010011
00000000001000001101010001100011
11111110111000000000100100010011
00000000110101100111010001100011
11111110110100000000100110010011
00000000110001101111010001100011
11111110110000000000101000010011
11111110110000000000101010010011
11111110110000000000101100010011
00000001011010101101010001100011
11111110100100000000101110010011
11111110100000000000110000010011

// 访问内存 
00000111000000000000000010010011
00000000100000001001000100010011
00000111000100000000000010010011
00000000000100010000000100110011
00000000100000010001000100010011
00001111001000000000000010010011
00000000000100010000000100110011
00000000100000010001000100010011
00001111001100000000000010010011
00000000000100010000000100110011
00000000001000000010000000100011
00000000001000000001001000100011
00000000001000000000001110100011
00000000000000000000000110000011
00000000000100000000001000000011
00000000001000000000001010000011
00000000001100000000001100000011
00000000000000000100001110000011
00000000000100000100010000000011
00000000001000000100010010000011
00000000001100000100010100000011
00000000000000000001010110000011
00000000001000000001011000000011
00000000010000000001011010000011
00000000000000000101011100000011
00000000001000000101011110000011
00000000010000000101100000000011
00000000000000000010100010000011

// 算术运算 
00000000000100000000000010010011
00000000000100001000000100110011
00000000001000010000000110110011
01000000000100011000000110110011
11111111110000000000001000010011
00000000010000100000001010110011
01000000001100101000001100110011
01000000010000110000001110110011
00000000001100111000010000110011

// 逻辑运算 
00000011001100000000000010010011
00001111110000000000000100010011
00000000001000001111000110110011
00000000001000001110001000110011
00000000001000001100001010110011
00001111110000001111001100010011
00001111110000001110001110010011
00001111110000001100010000010011

// 移位运算 
00001111111100000000000010010011
00000000010000000000000100010011
00000000001000001001000110110011
00000000001000001101001000110011
01000000001000001101001010110011
11110000000100000000001100010011
00000000001000110001001110110011
00000000001000110101010000110011
01000000001000110101010010110011
00000000010000001001010110010011
00000000010000001101011000010011
01000000010000001101011010010011
00000000010000110001010110010011
00000000010000110101011000010011
01000000010000110101011010010011

// 小于置1
11111111111100000000000010010011
11111111111000000000000100010011
00000000001100000000000110010011
00000000010000000000001000010011
00000000001000001010001010110011
00000000000100010010001100110011
00000000010000011010001110110011
00000000001100100010010000110011
00000000001100001011010010110011
00000000000100011011010100110011
00000000001000001011010110110011
11111111110100011010011000010011
00000000010000011010011010010011
11111111111100010010011100010011
11111111110000010010011110010011
11111111110100011011100000010011
00000000010000011011100010010011
11111111111100010011100100010011
11111111110000010011100110010011

// 算术2
00000000000100000000000010010011
00000000001000000000000100010011
00000000001100000000000110010011
00000000010000000000001000010011
00000000010100000000001010010011
00000000001100011000001100110011
00000000010000011000001110110011
00000000010100011000010000110011
01000000010100000000010010110011
01000000010000101000010100110011

// group5
11111111111100000000000010010011
11111111111000000000000100010011
00000000001100000000000110010011
00000000010000000000001000010011
00000001010100000000101010010011
00000001011000000000101100010011
00000000001000001010001010110011
00000000000100010010001100110011
00000000010000011010001110110011
00000000001100100010010000110011
00000000001100001011010010110011
00000000000100011011010100110011
00000000001000001011010110110011
11111111110100011010011000010011
00000000010000011010011010010011
11111111111100010010011100010011
11111111110000010010011110010011
11111111110100011011100000010011
00000000010000011011100010010011
11111111111100010011100100010011
11111111110000010011100110010011

// group4
00001100101000000000000010010011
00000011101000000000000100010011
00000011010100000000000110010011
00001111000000000000001000010011
00000011101000001111001010010011
00000011101000001110001100010011
00000011010100001100001110010011
00000000001000001111010000110011
00000000001000001110010010110011
00000000001100001100010100110011

// group6
00001111111100000000000010010011
00000000010000000000000100010011
11110000000100000000001100010011
00000001010100000000101010010011
00000001011000000000101100010011
00000001011100000000101110010011
00000000001000001001000110110011
00000000001000001101001000110011
01000000001000001101001010110011
00000000001000110001001110110011
00000000001000110101010000110011
01000000001000110101010010110011
00000000010000001001010110010011
00000000010000001101011000010011
01000000010000001101011010010011
00000000010000110001010110010011
00000000010000110101011000010011
01000000010000110101011010010011

00000111000000000000000010010011
00000000100000001001000100010011
00000111000100000000000010010011
00000000000100010000000100110011
00000000100000010001000100010011
00001111001000000000000010010011
00000000000100010000000100110011
00000000100000010001000100010011
00001111001100000000000010010011
00000000000100010000000100110011
00000000001000000010000000100011
00000000001000000001001000100011
00000000001000000000001110100011
00000000000000000000000110000011
00000000000100000000001000000011
00000000001000000000001010000011
00000000001100000000001100000011
00000000000000000100001110000011
00000000000100000100010000000011
00000000001000000100010010000011
00000000001100000100010100000011
00000000000000000001010110000011
00000000001000000001011000000011
00000000010000000001011010000011
00000000000000000101011100000011
00000000001000000101011110000011
00000000010000000101100000000011
00000000000000000010100010000011

// group3
00000111000000000000000010010011
00000111000100000000000100010011
00001111000000000000000110010011
00001111000100000000001000010011
00000000000100000000000000100011
00000001100000001001000010010011
00000000001000000000000010100011
00000000001100000000000100100011
00000000010000000000000110100011
00000000010000001000001010110011
00000000000000000000001100000011
00000000000100000000001110000011
00000000001000000000010000000011
00000000001100000000010010000011
00000000010100000010001000100011
00000000010100000001010000100011
00000000000000000100010110000011
00000000000100000100011000000011
00000000001000000100011010000011
00000000001100000100011100000011
00000000000000000001100000000011
00000000000100000001100010000011
00000000001000000001100100000011
00000000001100000001100110000011
00000000100000000001101000000011
00000000000000000101101010000011
00000000000100000101101100000011
00000000001000000101101110000011
00000000001100000101110000000011
00000000010000000010110010000011



